28

1
38
51
1
32768
0
1
124
100

1
79
215
1
13158600
0
2
110
121

1
37
38
1
7589727
0
1
179
83

1
37
38
1
32768
0
1
163
120

1
46
71
1
4227072
0
1
222
128

1
37
38
1
7589727
0
1
243
89

1
35
65
1
7589727
0
1
257
114

1
37
38
1
7589727
0
1
146
77

1
34
60
1
7589727
0
1
219
70

1
74
175
1
7589727
0
1
145
75

1
34
59
1
32768
0
1
240
87

1
34
56
1
32768
0
1
271
200

1
32
63
1
32768
0
1
171
86

1
19
113
1
13158600
0
1
178
122

1
34
56
1
4227072
0
1
116
199

1
16
20
1
16777215
0
2
226
126

1
38
235
1
32768
0
2
102
233

1
94
127
1
8549167
0
1
372
288

1
33
20
1
8089911
0
1
350
348

1
34
22
1
8089911
0
1
363
347

1
34
22
1
8089911
0
1
378
347

1
42
38
1
16777215
0
1
392
301

1
42
38
1
16777215
0
1
438
301

1
24
23
1
0
0
1
397
303

1
24
23
1
0
0
1
442
304

1
34
22
1
8089911
0
1
464
351

1
34
22
1
8089911
0
1
478
348

1
34
22
1
8089911
0
1
489
347

